static/wind.json
{"header": {"parameterCategory": 2, "lo2": 356.25048828125, "numberPoints": 780, "gridUnits": "degrees", "gridDefinitionTemplateName": "Latitude_Longitude", "surface2Type": 255, "nx": 20, "ny": 39, "parameterUnit": "m.s-1", "lo1": 0.0, "meta": {"date": "2014-11-30T12:00:00.000Z"}, "parameterNumber": 2, "dx": 2.9687540690104166, "dy": 1.4830078125, "parameterNumberName": "U-component_of_wind", "la1": 89.76100158691406, "la2": -88.19993591308594}, "data":
[rows 0 to 38 of 39, columns 0 to 19 of 20]
"-1.2098633","-1.2098633","-1.3098633","-1.3098633","-1.3098633","-1.3098633","-1.2098633","-1.1098633","-1.0098633","-0.80986327","-0.50986326","-0.10986328","0.29013672","0.69013673","1.1901367","1.5901368","1.9901367","2.2901368","2.5901368","2.6901367"
"2.7901368","2.6901367","2.5901368","2.2901368","1.9901367","1.6901367","1.2901367","0.8901367","0.4901367","0.19013672","-0.20986328","-0.4098633","-0.6098633","-0.80986327","-0.9098633","-1.0098633","-1.1098633","-1.1098633","-1.2098633","16.290136"
"16.190136","14.090137","11.290136","9.890137","8.090137","4.190137","-0.10986328","-3.3098633","-5.309863","-6.4098635","-7.0098634","-7.0098634","-5.4098635","-3.4098632","1.0901368","6.290137","10.190137","14.190137","18.190136","22.490137"
"23.190136","20.790136","15.790136","8.890137","2.0901368","-2.9098632","-6.4098635","-7.9098635","-6.709863","-4.0098634","-2.2098632","-1.0098633","2.2901368","6.790137","10.490137","13.090137","14.590137","15.990137","15.390137","22.890137"
"30.290136","25.190136","16.990137","7.4901366","3.4901366","-0.4098633","-1.1098633","0.09013672","-0.6098633","-4.4098635","-4.4098635","-2.7098632","-1.6098633","-0.009863282","4.4901366","9.690137","16.690136","18.390137","11.690137","8.290136"
"12.390137","20.290136","24.390137","23.490137","17.090137","6.9901366","-1.5098633","-7.209863","-7.0098634","-6.1098633","-5.0098634","-5.1098633","-4.809863","-2.8098633","1.8901367","6.5901365","12.890137","20.190136","23.490137","18.090137"
"19.690136","12.590137","6.8901367","6.8901367","10.690137","19.590137","28.290136","36.590137","25.590137","14.790136","4.0901365","-1.1098633","-4.709863","-9.809863","-17.909863","-16.409863","0.09013672","7.9901366","8.890137","12.690137"
"27.690136","38.890137","47.79014","43.79014","29.890137","15.890137","4.690137","2.8901367","0.8901367","-1.8098633","-1.5098633","2.3901367","7.790137","12.890137","17.590137","19.190136","22.490137","13.190137","3.1901367","-6.309863"
"3.9901366","16.290136","18.890137","27.790136","26.890137","26.490137","26.590137","28.390137","20.990137","12.890137","3.2901368","-1.2098633","1.5901368","0.69013673","0.7901367","-1.9098632","0.4901367","15.590137","14.990137","16.890137"
"16.590137","14.190137","19.990137","27.790136","25.590137","25.190136","21.590137","20.090137","17.090137","22.090137","29.490137","43.390137","63.390137","50.990135","25.190136","-2.5098634","-24.309864","-16.309864","3.8901367","36.990135"
"55.390137","54.190136","40.29014","27.590137","19.890137","24.690136","34.090137","34.29014","25.290136","18.690136","22.490137","37.690136","40.990135","52.990135","35.090137","22.190136","9.790136","10.190137","11.290136","11.590137"
"-6.1098633","-9.409863","0.29013672","42.890137","56.590137","49.79014","52.490135","49.490135","58.190136","50.190136","32.990135","22.190136","4.9901366","-3.2098632","12.290136","29.490137","40.990135","55.890137","69.79014","62.590137"
"39.590137","24.590137","25.990137","41.090137","66.59013","82.19014","89.490135","86.39014","94.19014","97.19014","91.990135","83.39014","77.89014","71.69014","61.590137","19.090137","-0.20986328","16.390137","26.590137","16.190136"
"12.490137","43.090137","53.690136","62.190136","66.39014","57.590137","46.390137","30.190136","23.290136","7.0901365","-12.709864","-10.109863","8.190137","56.990135","61.590137","55.190136","40.190136","29.090137","32.79014","34.29014"
"22.090137","37.590137","41.29014","32.79014","28.990137","31.690136","36.490135","41.690136","42.590137","38.190136","29.490137","23.590137","28.990137","28.090137","25.290136","40.390137","43.190136","44.390137","40.390137","24.790136"
"28.590137","26.490137","31.290136","28.790136","27.390137","14.690137","7.5901365","2.5901368","8.090137","20.590137","38.390137","52.29014","27.390137","24.190136","17.590137","-1.0098633","-7.309863","-3.8098633","5.5901365","18.690136"
"16.090137","3.2901368","1.0901368","-6.709863","-2.6098633","-4.1098633","-0.009863282","-2.4098632","0.4901367","4.790137","-5.1098633","-2.0098634","8.490137","33.090137","34.990135","28.890137","25.290136","27.490137","37.090137","16.890137"
"5.190137","4.9901366","15.990137","14.290136","4.290137","13.090137","39.690136","50.490135","51.890137","41.690136","29.690136","15.090137","6.8901367","-5.1098633","-7.1098633","-8.009863","-2.3098633","-5.4098635","-1.0098633","-5.709863"
"-13.409863","-9.609863","-13.309863","-15.309863","-10.109863","-11.209864","-11.809863","-9.909863","-14.309863","-5.9098635","-7.809863","1.3901367","11.390137","14.190137","9.090137","16.490137","18.990137","18.990137","15.090137","9.890137"
"2.5901368","12.190137","17.890137","18.290136","32.590137","32.090137","23.590137","9.790136","14.190137","19.090137","5.0901365","-18.909863","-21.509863","-10.309863","-11.409863","-12.209864","-1.8098633","6.3901367","1.9901367","-12.409863"
"-13.009863","-11.809863","-1.2098633","-10.909863","-10.509863","-7.6098633","-3.5098634","-0.80986327","-7.5098634","-3.4098632","-2.8098633","-5.4098635","-2.3098633","1.0901368","-2.3098633","12.290136","17.490137","29.190136","23.490137","19.790136"
"8.290136","6.8901367","3.2901368","1.5901368","2.4901366","-10.609863","-14.809863","-6.4098635","-0.20986328","-12.909863","-6.5098634","-15.909863","-3.9098632","-6.709863","-5.709863","0.29013672","0.5901367","-2.1098633","-11.209864","-11.109863"
"-10.909863","-13.309863","-5.4098635","2.7901368","1.4901367","5.9901366","9.790136","8.590137","3.9901366","8.090137","10.390137","5.0901365","5.9901366","-2.9098632","-5.209863","-3.4098632","14.390137","16.790136","27.990137","14.490137"
"6.190137","-0.009863282","-12.409863","-9.509863","-6.809863","-2.7098632","-5.309863","-4.4098635","13.090137","17.690136","19.690136","15.790136","17.490137","16.490137","15.790136","2.2901368","4.190137","12.190137","8.990137","14.290136"
"16.190136","27.790136","28.790136","18.490137","15.990137","22.290136","32.29014","37.390137","40.590137","41.390137","45.190136","36.490135","22.390137","8.390137","2.9901366","6.4901366","-0.20986328","-2.6098633","1.4901367","22.590137"
"12.390137","-0.50986326","-11.009863","2.9901366","14.690137","12.490137","12.590137","23.290136","19.590137","13.390137","21.690136","47.590137","50.390137","37.990135","24.490137","11.790136","11.990137","26.890137","35.090137","28.590137"
"16.890137","24.590137","34.690136","28.690136","21.090137","11.190137","16.590137","23.090137","32.29014","36.490135","45.690136","59.79014","40.890137","27.990137","7.690137","8.290136","18.290136","15.990137","11.990137","36.190136"
"34.090137","33.990135","15.990137","19.190136","22.290136","26.290136","55.090137","53.590137","44.690136","16.290136","1.0901368","7.290137","11.190137","41.79014","54.890137","53.990135","54.690136","52.490135","54.690136","48.590137"
"38.890137","38.490135","41.29014","33.79014","21.590137","18.890137","6.8901367","-10.609863","-4.6098633","6.4901366","30.690136","34.29014","29.290136","26.290136","24.690136","22.790136","23.890137","21.190136","22.890137","40.990135"
"37.890137","47.190136","41.390137","40.29014","52.79014","27.090137","24.290136","27.490137","53.090137","48.690136","42.690136","35.890137","36.490135","43.29014","40.29014","29.990137","18.690136","16.990137","31.190136","36.29014"
"22.590137","24.690136","30.690136","24.290136","14.990137","7.8901367","8.390137","9.490137","16.790136","19.090137","18.590137","31.790136","33.79014","36.990135","27.590137","10.490137","2.5901368","7.9901366","20.290136","31.390137"
"34.29014","41.79014","39.490135","31.690136","1.3901367","13.290136","30.390137","29.590137","19.790136","11.690137","16.890137","25.690136","18.290136","12.590137","12.090137","10.690137","6.5901365","-3.6098633","-2.9098632","-2.1098633"
"2.4901366","7.190137","11.490137","7.790137","13.290136","20.990137","24.090137","20.290136","10.290136","11.190137","15.590137","19.490137","19.590137","18.090137","12.190137","4.3901367","6.3901367","10.390137","11.190137","8.090137"
"6.290137","3.4901366","-1.7098633","-1.1098633","-0.009863282","0.09013672","-1.1098633","-1.2098633","-2.9098632","-1.3098633","-3.2098632","-5.0098634","-4.9098635","-5.309863","-7.0098634","-4.4098635","-0.9098633","2.5901368","5.0901365","2.3901367"
"1.6901367","6.290137","17.790136","32.390137","33.490135","24.090137","7.690137","-3.2098632","-5.4098635","-4.209863","-3.9098632","-2.6098633","3.9901366","15.490137","11.490137","6.9901366","7.0901365","4.4901366","1.3901367","0.69013673"
"1.8901367","-1.0098633","-5.9098635","-6.809863","-6.6098633","-5.6098633","-4.9098635","-4.309863","-4.209863","-3.5098634","-2.7098632","-1.3098633","1.0901368","2.5901368","3.1901367","2.8901367","3.1901367","4.690137","6.190137","7.9901366"
"9.990137","11.490137","9.690137","5.790137","1.2901367","-0.80986327","-0.20986328","3.0901368","9.490137","16.190136","20.590137","23.590137","22.390137","18.490137","15.090137","10.290136","5.690137","1.2901367","-1.4098632","-3.6098633"
"-5.1098633","2.2901368","2.4901366","2.5901368","2.7901368","2.8901367","2.8901367","2.6901367","2.3901367","1.9901367","1.4901367","0.8901367","0.29013672","-0.30986327","-0.9098633","-1.5098633","-2.1098633","-2.5098634","-2.6098633","-2.4098632"
"-2.0098634","-1.4098632","-0.50986326","0.39013672","1.3901367","2.3901367","3.2901368","4.190137","4.790137","5.190137","5.3901367","5.290137","4.9901366","4.4901366","3.8901367","3.2901368","2.7901368","2.4901366","2.2901368","2.2901368"
