static/wind.json
{"header": {"parameterCategory": 2, "lo2": 356.25048828125, "numberPoints": 780, "gridUnits": "degrees", "gridDefinitionTemplateName": "Latitude_Longitude", "surface2Type": 255, "nx": 20, "ny": 39, "parameterUnit": "m.s-1", "lo1": 0.0, "meta": {"date": "2014-11-30T12:00:00.000Z"}, "parameterNumber": 3, "dx": 2.9687540690104166, "dy": 1.4830078125, "parameterNumberName": "V-component_of_wind", "la1": 89.76100158691406, "la2": -88.19993591308594}, "data":
[rows 0 to 38 of 39, columns 0 to 19 of 20]
"-0.29359376","-0.13359375","0.03640625","0.21640626","0.42640626","0.6564062","0.9064062","1.1864063","1.4564062","1.7264062","1.9664062","2.1564062","2.2764063","2.3064063","2.2464063","2.0864062","1.8264062","1.4764062","1.0664062","0.6064063"
"0.12640625","-0.35359374","-0.80359375","-1.1935937","-1.5235938","-1.7635938","-1.9235938","-2.0035937","-2.0035937","-1.9435937","-1.8235937","-1.6635938","-1.4835937","-1.2835938","-1.0835937","-0.88359374","-0.70359373","-0.5235937","-0.36359376","3.4264061"
"1.3664062","-1.6835938","-1.9435937","-4.253594","-10.833593","-16.263594","-15.973594","-10.133594","-2.8435938","4.396406","8.506406","10.466406","13.716406","16.186407","19.906406","20.706406","18.646406","14.096406","7.3864064","-1.1435938"
"-11.553594","-19.363594","-23.893593","-22.793594","-20.813593","-16.613594","-11.243594","-4.4535937","2.8064063","6.9864063","6.2964063","5.456406","7.4064064","9.216406","8.736406","6.976406","5.6564064","3.9664063","11.916407","8.106406"
"-6.7035937","-23.513594","-25.073593","-15.403594","-17.153593","-14.903594","-6.463594","-4.2435937","-1.5335938","1.4164063","5.586406","11.546406","12.756406","18.216406","21.616405","23.206406","16.626406","4.5264063","0.04640625","-0.9635937"
"-2.5235937","-11.503593","-19.193594","-26.113594","-27.773594","-19.293594","-8.073594","1.0964062","6.476406","12.336407","11.976406","12.736406","15.176406","15.0764065","11.806406","10.846406","11.476406","19.036406","15.486406","-3.7835937"
"-23.723595","-41.553593","-20.723595","-14.083593","-5.4235935","5.206406","8.016406","-5.063594","-10.543593","-7.7035937","3.3064063","5.036406","12.766406","18.536406","21.616405","22.996407","18.736406","-4.193594","0.9764063","11.546406"
"12.0364065","-0.34359375","-13.273594","-31.223595","-39.053593","-30.783594","-8.433594","2.8264062","3.8364062","8.616406","9.726406","12.136406","17.036406","20.556406","16.836407","19.256407","0.12640625","-3.8935938","-11.433594","-21.753593"
"-22.653593","-15.273594","-11.273594","11.996407","21.066406","11.0364065","-11.853594","-30.233593","-21.783594","-13.743594","-3.9735937","5.0964065","6.9664063","8.966406","17.026405","21.416407","18.706406","1.7564063","23.946405","23.606407"
"2.7664063","-11.683594","-25.343594","-43.253593","-36.573593","-20.593594","-1.5335938","3.0864062","4.226406","14.236406","19.886406","29.916407","27.796406","2.4964063","0.42640626","-14.033594","-26.033594","-3.8735938","1.3364062","14.3264065"
"-4.663594","-8.143594","-1.1435938","-6.8035936","-0.04359375","1.5464063","-5.853594","-18.673594","-23.193594","-6.963594","7.1164064","14.436406","11.226406","11.056406","7.896406","7.1964064","5.1764064","13.266406","19.626406","-3.8035936"
"-16.623594","-12.113594","-1.9935937","-0.76359373","-15.503593","-3.0235937","0.15640625","4.4064064","21.586407","33.926407","17.906406","-0.7735937","-20.013594","-20.133595","-11.893594","-17.393593","17.966406","33.336407","19.286406","-12.253593"
"-27.243593","-26.653593","1.7964063","20.656406","24.406406","3.1664062","-19.103594","-22.143593","2.1564062","19.226406","13.2864065","4.266406","-10.293593","-25.243593","-39.163593","-7.5535936","17.656406","15.626407","-6.4235935","-25.883595"
"-6.193594","37.456406","17.366405","4.9664063","-1.5735937","-9.943594","-4.2835937","5.536406","-2.4935937","0.48640624","-20.763594","-12.473594","-13.4635935","18.106407","16.076406","24.636406","23.256407","11.416407","-9.033594","-22.423594"
"-12.083593","16.946405","33.646408","18.576406","10.266406","3.3564062","4.8264065","4.0464063","5.1364064","4.6764064","4.3164062","-3.5135937","-19.043594","-39.513596","-35.963593","10.336407","21.766407","-3.8035936","-23.893593","13.216406"
"28.966406","22.106407","12.876407","-4.003594","-26.433594","-15.873593","-11.853594","-7.643594","-5.313594","-6.6835938","12.946406","17.386406","3.6964064","12.106406","8.296406","3.1764061","10.0364065","-0.30359375","-10.933594","-8.483594"
"17.386406","10.436406","11.396406","7.056406","5.2164063","7.2764063","5.916406","3.0164063","2.4364061","0.11640625","-3.8535938","-10.643594","-17.013594","-4.3235936","9.8264065","10.986406","-1.6135937","-11.953594","-13.393594","1.9364063"
"19.056406","6.0964065","-4.063594","-19.243593","-11.433594","-1.4635937","19.436407","9.416407","-1.6735938","-8.763594","2.4964063","-13.283594","5.586406","-3.0935938","5.3164062","7.496406","3.4364061","2.0964062","7.5964065","13.306406"
"5.186406","3.5364063","13.906406","3.8064063","8.016406","8.526406","5.646406","10.406406","9.136406","10.586407","0.37640625","2.0064063","2.7464063","4.626406","0.7764062","3.5464063","-6.7435937","-10.453594","-12.653594","-0.5335938"
"13.706407","13.336407","-1.9235938","-10.783594","20.286406","18.596407","2.9364061","-0.80359375","-14.833593","-6.4335938","0.07640625","-2.7535937","-1.3535937","1.3564062","12.216406","4.5764065","2.7864063","-3.5335937","-0.43359375","8.016406"
"1.4464062","-3.9035938","2.9564064","5.9664063","9.446406","-0.62359375","0.31640625","-0.15359375","-6.893594","6.3264065","11.176406","4.5464063","4.7364063","5.8464065","16.096407","-2.0135937","-7.0135937","-14.043593","-7.2635937","4.7364063"
"14.156406","-1.0435938","6.606406","15.676406","4.1964064","-16.043594","-8.7135935","-6.733594","-3.5635939","-15.493594","1.0364063","2.8864062","2.0464063","3.3864062","4.336406","7.606406","1.3164062","-4.233594","-2.4335938","1.7664063"
"-4.3635936","0.51640624","-5.1535935","-6.103594","-1.4035938","-2.4935937","-6.2635937","-0.94359374","-0.63359374","-10.773594","1.3364062","0.10640625","10.716406","18.316406","16.036406","12.886406","-5.873594","-1.5935937","1.4264063","-5.773594"
"-5.003594","-3.0735939","15.776406","-1.4735937","-5.9935937","-6.373594","-6.373594","-12.293593","-10.263594","-0.9035938","-2.1935937","-6.6835938","-4.6835938","-1.6435938","8.806406","6.0964065","-2.2435937","-12.693594","-1.9635937","-0.82359374"
"1.4264063","-1.2735938","-5.6735935","-3.3635938","6.9464064","7.586406","-5.4735937","-6.583594","-3.5735939","0.20640625","-0.40359375","-3.5935938","7.5764065","16.446405","38.036407","-31.353594","-3.0035937","5.586406","-2.2835937","-18.683594"
"-15.813594","5.146406","15.256406","4.166406","-2.8135939","-10.113594","-12.533594","0.92640626","0.11640625","12.566406","-7.913594","-4.0535936","1.9164063","-6.7435937","-9.413593","0.14640625","4.6964064","2.1864061","9.336407","15.5764065"
"9.246407","-1.7535938","-6.1535935","-6.293594","17.536406","0.9764063","-1.4635937","4.086406","-3.0535936","-7.4335938","-16.183594","-12.853594","-0.13359375","10.896406","-20.363594","-2.8735938","-4.733594","6.166406","2.9964063","-18.253593"
"-18.923594","5.556406","2.5764062","6.706406","-1.7635938","0.20640625","0.38640624","-7.663594","-14.003593","7.996406","22.646406","8.0764065","-11.443594","-24.413593","-2.1035938","9.256406","15.986406","8.136406","-1.3535937","-2.7635937"
"5.226406","-5.083594","-14.663593","6.4264064","0.98640627","13.906406","3.6464062","-3.4235938","5.7964063","10.296406","9.506406","-19.113594","-22.813593","-28.733593","-3.4035938","22.246407","26.826406","16.096407","-18.243593","-35.023594"
"4.646406","17.136406","4.186406","2.8364062","1.7864063","0.49640626","-14.693594","-23.893593","-10.753593","19.716406","8.796406","-8.853594","-2.8135939","11.376407","16.466406","5.806406","9.166407","-10.543593","-1.6435938","5.936406"
"-2.8235939","-22.093594","-19.503593","-3.4035938","-10.343594","-15.4235935","-8.813594","18.666407","39.706406","17.126406","-19.043594","-29.113594","-17.833593","-7.9935937","5.1764064","18.656406","18.006407","-1.3335937","-4.463594","3.2464063"
"3.3264062","12.596406","14.896406","8.0764065","-1.8135937","-12.263594","-5.523594","3.6064062","4.996406","-0.79359376","-8.943594","-0.7135937","3.1664062","2.1264062","1.5164063","1.1364063","-0.38359374","-5.233594","-2.5335937","-2.5835938"
"-6.2835937","-12.703594","-16.313593","-25.013594","-16.403593","1.4964062","32.116405","41.966408","11.246407","-12.6735935","-16.033594","-13.953594","-13.323594","-19.363594","3.5464063","17.266407","9.816406","9.956407","21.776405","9.396406"
"3.2864063","11.486406","5.266406","4.666406","1.5164063","-0.8435938","-0.49359375","0.20640625","-4.483594","-1.6535938","-2.6135938","-2.8335938","-3.6835938","-6.6835938","-4.943594","-6.9035935","-6.0735936","-4.353594","-2.1235938","-5.8435936"
"-9.543593","-13.203594","-16.233593","-3.0435936","15.7864065","27.166407","18.216406","2.2964063","-13.383594","-17.763594","-16.023594","-22.053595","-17.823593","2.7764063","24.666407","19.416407","16.736406","19.336407","9.3264065","5.956406"
"5.2364063","3.9964063","2.0464063","2.9164062","1.0064063","-1.2035937","-2.5135937","-2.3335938","-3.9335938","-3.6235938","0.08640625","1.3464062","1.7064062","1.8664062","2.3364062","2.4364061","2.2864063","1.1464063","-0.16359375","-2.2035937"
"-3.4235938","-2.1435938","0.37640625","-0.92359376","-3.7235937","-5.6735935","-9.933594","-15.223594","-18.713594","-17.153593","-10.823594","-2.2335937","5.246406","9.0364065","12.056406","15.306406","14.166407","11.986406","7.6764064","4.476406"
"2.3364062","0.35640624","0.13640624","0.10640625","0.26640624","0.61640626","1.0764062","1.5564063","2.0164063","2.4064062","2.7164063","2.9064062","3.0064063","3.0064063","2.8864062","2.5564063","1.9064063","0.9064062","-0.29359376","-1.5435938"
"-2.7135937","-3.7035937","-4.443594","-4.8635936","-4.943594","-4.733594","-4.333594","-3.7635937","-3.0335937","-2.1635938","-1.2235937","-0.30359375","0.51640624","1.1664063","1.5464063","1.6464063","1.5164063","1.2364062","0.8564063","0.47640625"
